9  3  8  6  6  4  -1  11  inv  11  4  10  -4  5  7  -9  11  raiz3  /  4  11  6  3  5  7  12  0  raiz  11  2  6  3  -6  *  raiz3  8  6  10  -  4  7  8  3  12  1  +  0  -4  12  8  5  1  3  8  -8  -0  cubo  -  11  2  12  9  1  4  6  12  2  -8  10  0  6  6  7  4  0  *  11  0  9  5  3  7  raiz3  12  3  4  6  /  /  11
-5    -11    7    4    inv    raiz    -6    3    7    1    +    3    0    -9    raiz3    12    5    11    2    10    4    5    0    5    -7    2    2    11    0    12    clear    -2    3    3    -0    4    -10    10    8    11    -1    3    4    11    4    5    -    -3    12    2    8    10    9    ^    +    clear    10    12    7    2    2    +    12    0    2    10    6    10    6    12    9    7    11    2    4    3    7    -    -5    12    10    7    3    8    2
11 4 0 2 0 0 2 8 - 0 10 1 8 1 2 11 6 9 3 + - cuadrado 9 4 9 2 12 inv + 4 12 11 6 / 9 11 10 raiz 1 7 12 -3 1 8 11 10 7 / -4 9 1 11 5 6 8 6 0 cubo inv 11 10 9 2 8 4 10 7 5 10 inv / 3 0 3 10 5 10 clear 12 1 10 cubo 2 11 9 11 clear 12 6 -10 9 6 raiz - 3 11 6 6 3 -4 -10 5 2 7 -9 4 cubo raiz *
9    1    12    2    8    2    ^    raiz3    +    8    3    7    3    raiz    inv    6    -12    -0    5    -10    10    8    7    12    2    3    -10    4    -    raiz3    -3    11    6    12    2    9    cubo    -    1    2    11    11    +    cuadrado    10    8    1    9    6    1    8    1    8    10    12    raiz3    12    7    11    11    cubo    11    2    10    7    -6    4    -12    8    7    12    8    1    5    4    *    0    1    10    2    0    4    raiz3    -4    5    7    0    9    -2    -    *    8    10    7    9    -10    3    9    5    3    3    10    4    3    2    clear
2    8    0    8    12    *    7    1    7    1    11    -6    7    1    5    4    12    10    -1    clear    cuadrado    raiz3    -3    -10    8    6    +    10    12    9    4    5    7    9    8    -7    5    -    12    9    9    0    0    0    0    0    9    +    11    -6    8    8    -2    ^    cubo    raiz    -8    8    2    12    4    raiz    1    4    10    10    6    3    7    5    10    12    0    4    8    7    ^    raiz3    3    2    10    7    0    1    11    8
8   -2   10   5   11   4   8   4   cubo   3   9   6   -12   6   3   9   10   0   11   -5   -10   3   0   -10   4   5   9   cubo   ^   10   1   7   0   0   10   -8   4   3   12   8   cubo   8   9   5   2   2   -4   0   -9   8   8   raiz   7   5   7   1   -8   *   /   /   8   1   -10   12   10   7   1   4   3
3  4  0  9  6  12  8  6  12  5  -10  8  +  0  1  8  1  -  -  -2  6  11  0  3  11  ^  11  10  5  11  4  7  *  8  9  4  6  1  8  1  ^  cuadrado  5  8  8  3  0  3  5  8  -4  9  6  raiz  3  6  5  1  11  6  10  10  11  10  9  4  3  4  8  5  cuadrado  *  -  -5  3  1  9  11  3  4  4  5  3  3  0  10  12  cuadrado  /  cubo  9  8  2  11  7  *  *  -3  9  6  raiz3
1    12    9    2    8    9    0    cuadrado    /    1    1    1    -9    raiz    +    11    5    12    12    11    8    inv    *    2    9    8    7    2    8    2    2    3    cubo    8    9    3    10    clear    +    6    1    11    11    7    cuadrado    -    +    4    1    1    10    8    raiz3    *    10    11    5    -6    0    /    clear    12    2    10    -6    clear    11    7    8    clear    7    4    4    7    -6    11    inv    9    12    -3    4    9    2    4    6    3    4    4    5    0    9    2    6    *    3    7    6    5    1    -    cuadrado    +    6    11    10    4    /    raiz    5    2    9    5    clear    2    9    10    9    /    /    12    12
1   2   -0   -5   4   7   6   4   -0   /   raiz   -   8   4   10   5   9   11   0   raiz   10   10   12   0   10   +   -3   11   7   3   2   7   +   inv   5   9   7   6   6   2   8   12   -2   5   1   8   4   2   3   3   4   10   11   /   raiz3   5   0   2   5   *   12   8   7   0   12   -12   +   11   0   9   5   12   11   0   8   11   12   10   3
4  3  1  3  10  inv  *  6  10  8  6  2  2  0  cubo  1  10  -7  12  -5  0  1  1  ^  -12  12  12  9  -  -0  2  9  9  3  1  11  -  7  5  8  0  -9  /  ^  raiz3  2  12  3  3  -3  12  3  5  1  11  5  5  *  cuadrado  -  4  11  11  -5  10  3  7  6  12  11  -4  raiz  -  6  12  9  -12  11  7  11  0  -11  raiz3  clear  raiz  10  11  3  11  *  0  11  10  12  2  2  0  cuadrado  7  4
0    12    7    10    9    -2    8    8    +    /    *    -0    4    12    12    2    12    -    +    3    11    10    3    -    inv    3    4    12    3    10    -4    3    *    11    5    10    0    2    6    +    /    6    4    -9    5    -6    11    4    2    7    3    -10    0    5    11    8    6    0    3    -0    -2    inv    *    12    10    12    7    cubo    7    -2    0    +    12    -2    10    8    -9    3    0    +    clear    -1    5    9    2    9    cuadrado    -    inv    3    6    1    12    clear    cuadrado    9    8    7    10    0    raiz    7    4    -9    11    -11    6    7    4    inv    +    +
3  4  0  5  /  /  8  -0  6  1  -  ^  10  5  10  4  5  5  10  12  0  11  0  7  4  12  6  clear  ^  6  0  2  5  0  -6  9  8  -  raiz3  inv  10  6  2  3  6  raiz3  +  cuadrado  12  5  12  8  0  4  2  12  1  7  0  3  0  1  0  9  -5  10  ^  -5  11  11  9  9  cubo  10  7  10  12  10  2  1  9  6  4  12  +  *  -
12 5 10 4 4 -4 6 0 2 + raiz3 cuadrado -5 4 9 1 inv -9 5 11 8 3 0 4 7 12 1 clear - 3 1 7 7 + inv 12 1 11 9 8 0 9 12 6 9 -8 0 5 8 5 4 0 0 8 7 3 -0 0 2 1 4 cuadrado - - 0 4 1 -9 11 12 7 12 11 1 * 0 -8 11 cubo -10 0 12 1 9 ^ ^ - 4 3 10 3 3 / 10 7 2 -12 10 0 10 -8 3 11 -1 2 12 8 0 + 6
-0  -1  8  12  6  7  12  0  ^  clear  +  12  4  3  cuadrado  7  11  1  -  12  0  12  5  12  11  -8  9  1  raiz3  ^  2  7  11  8  12  4  10  0  2  5  12  10  3  12  4  6  6  3  2  8  9  5  6  7  1  3  4  12  7  10  5  9  -11  9  -10  6  1  *  4  10  6  -8  11  0  -5  cubo  cubo  0  7  8  2  1  4  4  1  1  *  raiz  7  7  10  8  3  11  12
12   5   8   7   8   *   cubo   1   4   1   7   -8   -   11   0   6   4   7   cubo   4   11   7   -1   7   ^   8   11   2   0   cubo   -   4   7   9   10   raiz   +   0   11   -4   4   1   4   0   7   0   2   -4   -5   7   1   raiz3   -9   1   9   1   4   12   4   11   cuadrado   2   9   3   1   2   cubo   cubo   11   5   2   1   5   cuadrado
2    -1    11    0    5    cubo    /    2    1    0    3    5    1    11    1    0    12    12    *    cubo    +    10    9    6    6    3    12    /    0    4    -10    1    8    8    0    3    12    4    7    8    3    inv    -7    3    4    7    8    10    10    4    0    /    ^    8    9    7    12    12    11    0    9    0    4    8    ^    1    10    11    ^    3    2    8    9    0    10    clear    11    12    2    9    0    raiz    8    6    -1    +    5    9    2    3    cubo    *    6    8    1    3    +    +    1    1    5    -6    9    7    0    7    8    ^
9    12    -2    4    7    9    7    4    -7    3    *    -2    0    4    9    cuadrado    8    8    4    -4    2    6    inv    /    raiz    5    3    1    7    11    -    11    4    3    3    3    12    2    3    9    8    5    9    inv    1    10    2    0    inv    inv    6    3    10    10    8    -    +    -    11    8    11    6    -4    +    7    5    4    4    10    6    -0    7    cuadrado    1    2    6    8    5    clear    /    ^    4    7    6    10    ^    -
1    -0    0    6    11    cubo    raiz3    *    2    5    12    7    ^    6    12    7    +    9    12    4    0    8    8    1    clear    12    6    1    11    5    raiz3    cubo    -    2    2    2    2    9    4    2    8    -    1    4    6    cubo    10    12    0    5    5    inv    10    8    8    2    6    raiz    1    2    5    12    3    4    8    4    12    2    2    cubo    10    -12    5    11    6    raiz    +    /    -5
6    11    10    0    10    6    11    5    1    clear    ^    ^    -10    1    12    7    6    12    2    12    3    3    ^    0    12    9    6    cubo    3    3    -7    3    -11    5    -8    ^    +    clear    9    2    11    1    12    inv    3    10    7    12    8    cubo    cuadrado    raiz    12    8    4    2    cubo    12    1    0    0    9    +    10    5    9    -    7    8    12    7    2    ^    cuadrado    -    1    5    -8    4    12    clear    ^    3    12
2 7 4 raiz 6 8 4 8 9 6 ^ 11 4 8 6 -1 ^ inv clear -6 5 -6 0 7 clear -3 10 1 -4 7 + 5 5 6 0 6 2 10 3 10 1 5 8 -4 12 8 5 0 3 2 9 / 11 2 -10 7 raiz 1 12 1 4 0 12 10 7 0 3 4 9 raiz3 raiz inv 12 12 -6 10 raiz3 2 11 5 6 inv 6 -2 5 6 5 cuadrado inv 6 3 4 12 7 raiz cubo -11 8 3 2 * ^ 3 6 11 7 3 8 11 cubo
12    7    0    4    3    11    0    -1    9    5    5    /    *    1    5    11    2    10    +    *    -10    7    9    0    9    9    1    clear    -    -6    0    10    7    2    ^    0    0    7    6    6    cubo    -1    -2    1    -12    inv    5    12    12    11    10    11    8    4    8    9    11    8    1    5    2    -9    3    9    2    0    -6    -3    4    5    0    -3    raiz    11
12 7 6 9 inv 6 11 7 0 12 1 / 8 -4 7 2 3 11 1 0 * * 11 4 8 2 10 3 7 11 - raiz3 2 -3 5 2 12 raiz 10 11 7 0 + 10 3 10 10 6 8 * clear 4 7 5 12 4 0 1 4 4 5 raiz3 * 12 2 8 9 9 4 9 -5 -7 0 10 -0 11 9 0 3 2 cubo raiz inv
11  2  1  1  inv  5  12  8  -7  6  3  /  -  8  1  10  raiz3  -11  12  9  10  9  6  11  2  0  5  3  0  *  inv  -  5  12  1  10  raiz3  /  8  9  -4  9  -5  7  -  *  8  2  9  12  cubo  6  6  2  9  4  cubo  -  clear  3  5  -1  2  0  raiz3  9  3  12  12  5  1  5  0  7  8  11  2  3  0  8  -8  8  10  4  1  -  inv  -
7    9    1    0    -2    5    inv    /    2    2    10    0    5    0    6    clear    0    1    3    9    10    7    10    1    /    11    10    -0    10    11    10    2    -0    *    /    3    9    8    2    5    8    -2    1    4    3    1    10    11    4    8    0    3    3    8    clear    inv    *    4    2    1    9    4    0    2    11
4 -10 11 4 7 10 8 4 8 / cuadrado 5 8 3 1 0 10 5 2 10 10 raiz ^ 9 1 6 1 12 raiz 7 8 2 -6 inv cubo 6 9 1 11 4 2 8 3 10 2 11 5 + raiz3 - 12 3 12 5 inv 8 5 8 -10 -4 2 2 1 - raiz3 1 10 9 12 6 clear / cuadrado 8 1 7 4 0 7 12 0 8
5 11 4 0 7 11 ^ ^ 5 7 -8 12 - 11 3 12 2 8 raiz cuadrado 9 0 5 0 8 0 3 8 raiz 12 3 1 0 raiz3 4 10 10 0 8 11 4 / * cuadrado 10 10 8 0 6 11 9 + + 1 4 4 0 - -3 11 0 7 10 7 2 2 8 -7 7 6 0 2 6 11 10 9 -11 8 -9 0 0 11 9 9 1 12 4 4 1 1 / 11 7 7 2 1 11
6 5 3 0 0 10 11 7 5 11 0 / 1 2 1 10 -1 0 12 0 7 2 5 12 12 3 7 6 + 9 5 12 12 1 9 raiz raiz3 6 7 1 9 clear raiz3 2 -4 -5 11 6 6 8 6 0 4 9 ^ 9 8 11 1 -4 3 3 - clear 5 4 1 9 7 2 10 -12 11 7 8 raiz raiz3 12 3 -4 10 2 4 0 12 raiz3 inv 7 7 12 3 9 0 6 1 6 6 5 6 2 2 ^ raiz3 5 4
9   0   6   11   -4   3   2   3   -4   raiz   -4   7   2   10   8   -5   1   8   7   12   3   7   6   10   10   *   -2   4   6   2   12   cubo   +   10   3   6   0   10   cuadrado   ^   0   1   4   10   7   -7   7   3   10   9   9   6   5   11   12   2   1   -10   inv   11   -1   8   raiz3   12   8   -0   4   -2   9   1   8   10   10   -9   cubo   cuadrado   3   9   9   1   inv   -   -2
8  7  4  12  5  3  -8  6  ^  9  8  3  8  -0  11  /  0  -0  12  4  12  -9  -0  /  1  3  11  cuadrado  5  4  3  11  0  6  10  7  1  6  2  -5  6  9  6  8  2  6  5  3  -0  clear  raiz3  -  -9  6  2  7  7  8  3  10  7  3  8  7  9  -7  7  7  2  6  9  5  8  4  8  raiz  1  8  11  -  8  10  -6  5  11  ^  *  2  -6  11  6  -3  cubo  cubo  6  1  12  10  2
5 1 12 1 11 raiz3 - 6 0 3 clear 1 12 7 12 9 6 4 6 9 2 0 4 cubo raiz 10 7 2 5 0 9 7 6 6 -1 raiz raiz - 4 12 6 10 10 7 3 5 - 9 6 -1 -10 2 12 clear 8 -2 4 3 11 2 5 9 4 2 0 6 clear 10 12 11 11 9 11 raiz clear - 11 7 7 3 11 8 9 2 9 2 1 4 -10 raiz clear / 12 2 -6 6 2 cubo inv
9  1  2  0  5  3  5  raiz3  /  cubo  2  8  1  1  2  7  4  5  8  4  7  11  6  7  1  9  7  6  8  -12  12  9  inv  6  7  10  8  0  8  ^  4  -3  6  1  inv  3  1  8  11  5  3  0  cuadrado  6  1  2  10  10  4  cuadrado  +  4  6  5  2  11  -2  -  1  6  -10  9  12
4    -9    12    6    7    9    3    5    raiz3    /    -12    0    0    12    4    5    0    1    9    5    -0    1    cubo    /    12    -7    7    4    -2    9    10    8    8    -12    12    7    cuadrado    9    -3    5    *    6    10    -5    2    /    9    10    11    2    8    -9    12    -5    -4    2    2    8    6    8    8    11    5    /    9    -1    6    9    11    9    -8    raiz    *    10    12    9    ^    0    4    0    9    7    clear    +    -4
7   6   2   -12   7   5   10   12   -11   2   0   2   2   -12   4   raiz   12   1   10   10   8   3   2   0   12   0   6   cuadrado   -   11   7   10   3   2   +   7   7   9   12   8   /   cuadrado   10   3   3   6   0   1   12   0   9   7   7   10   3   3   4   2   9   2   0   0   2   *   -   *   -2   8   6   -8   8   +   +   1   0   2   1   5   1   cubo   +   ^   -10   11   2   2   1   9   7   6   4   10   8   3   2   2   1
8    9    12    5    3    10    11    7    -10    inv    7    2    5    raiz    9    10    8    3    10    10    11    6    11    -1    10    10    0    4    9    -1    2    /    clear    5    1    12    10    6    ^    0    9    -0    -11    ^    5    3    0    6    5    -    5    1    8    5    -    *    4    1    0    -12    5    ^    *    3    3    9    5    10    10    4    7    11    7    3    2    3    cubo    clear    inv    12    6    9    9    12    0    -12    10    9    2    8    7    7    3    10    5    11    raiz    12    6    11    4    8    2    1    11    11    1    11    -11    5    /    raiz    6    9    1
9 0 11 5 8 1 6 3 -0 - 0 7 10 0 12 -2 0 2 11 9 1 clear 6 0 2 6 12 7 1 -8 0 3 1 5 inv * 1 1 1 3 raiz 2 10 1 6 11 3 10 clear 8 10 5 8 8 8 -2 clear * cuadrado 4 4 10 12 1 - 2 1 3 -3 11 inv clear -2 10 4 2 inv cuadrado 1 0 3 9 9 9 1 -11 6 7 10 11 clear cubo 2 12 6 5 /
-11 2 7 12 / raiz 1 -7 12 10 6 2 2 0 10 0 * cubo 8 9 8 11 0 * / 7 0 7 10 -9 4 11 6 11 1 10 12 -10 9 5 0 * cuadrado inv 12 8 2 4 10 12 1 * 11 11 -9 -5 -4 raiz 11 -9 0 ^ 9 11 6 -3 5 1 - clear 0 7 4 7 9 11 2 raiz 9 6
1 2 0 6 5 -9 7 2 0 12 9 6 10 8 4 12 6 5 cuadrado 9 5 8 1 12 2 3 6 / 9 11 5 inv 7 -0 4 0 + ^ 9 9 7 -0 9 12 8 6 1 8 0 5 4 1 4 11 2 + * 6 7 0 3 -0 2 -4 1 11 / 7 4 11 11 7 cuadrado
1 1 4 4 3 10 2 9 raiz cubo + 1 8 1 0 cubo 2 2 3 11 + 7 0 12 5 0 3 8 1 cubo 3 2 10 -11 8 -1 0 10 3 inv 3 6 5 4 11 1 -9 8 -12 -4 1 12 8 6 9 1 10 1 raiz3 cuadrado 4 2 3 7 9 11 6 12 11
10   0   5   0   3   6   clear   5   11   3   8   7   raiz3   -   7   8   7   3   7   11   12   4   -5   -6   +   0   0   7   -2   -   raiz   7   7   6   5   6   5   0   -1   +   inv   5   7   7   5   3   12   10   inv   3   9   3   7   cuadrado   raiz3   -6   5   1   8   10   3   12   10   7   8   3   7   8   12   0
5  10  11  -7  /  9  3  4  5  8  3  3  raiz  cuadrado  6  9  4  6  inv  -  9  7  3  1  10  8  5  1  11  5  5  -6  3  5  1  clear  inv  -0  8  9  12  /  -9  6  10  2  cubo  inv  0  7  4  6  10  7  -12  7  inv  cuadrado  12  2  6  6  11  4  0  11  *  11  1  0  4  7  0  4  0  8  inv  clear  +  2  2  4  2  7  +  9  9  1  -8  3  /  +  -  -6  5  5  inv  12  9
2   -6   4   4   ^   raiz3   5   7   10   2   0   8   inv   ^   11   10   4   3   11   8   0   clear   raiz   -   -11   12   1   9   /   -   3   3   1   2   5   1   1   8   -12   1   inv   clear   10   8   3   6   8   cuadrado   1   12   -9   -10   4   6   11   +   cuadrado   +   5   12   10   10   ^   8   6   5   inv   7   10   10   -10   12   raiz3   cuadrado   cubo   10   12   10   10   10   11   4   7   -2   4   +   3   9   5   cubo   12   4   -1   1   +   cuadrado   0   3   1   2   /   12   3   -11   ^   -8   4   9   3   raiz   cuadrado   4   8
10  -11  10  10  8  10  -12  5  8  12  1  cuadrado  raiz3  ^  6  11  3  8  -1  1  4  9  -11  7  9  -0  7  10  ^  11  11  12  7  2  6  9  9  4  3  1  0  10  1  10  10  6  inv  -  3  11  2  5  9  9  -8  12  11  10  9  7  10  8  12  *  -7  0  8  9  11  -
10    12    12    0    -10    2    4    -    +    cuadrado    6    8    0    inv    8    5    0    2    3    9    3    7    6    raiz3    5    1    2    1    7    6    1    11    10    1    0    cubo    12    3    6    8    *    2    -5    6    3    2    -6    -3    1    6    11    6    4    -    inv    4    -7    6    0    /    raiz3    12    6    11    5    5    6    -3    6    +    2    10    5    3    -9    0    2    6    7    12    11    *    cubo    11    7    3    -    2    1    -10    12    0    7    12    2    10    7
3 5 6 7 12 4 12 1 3 -12 1 0 9 - inv 8 4 9 -12 cubo / 7 -5 12 5 11 10 9 4 2 5 0 7 -6 1 0 + raiz 3 11 1 8 1 0 * -4 2 9 3 -1 12 3 9 cubo - 0 8 12 1 2 clear clear 12 4 12 1 -4 8 9 8 3 3 11 4 11 0 2 8 12 0 * 4 -0 -4 12 -12 raiz ^ - 10 6 8 2 10 clear -2 6
5    6    8    0    0    inv    cubo    -    12    5    12    -9    5    1    -1    9    4    4    6    raiz3    inv    10    3    10    1    10    4    7    3    cuadrado    clear    *    8    7    1    -3    11    0    9    /    inv    6    -4    4    5    7    8    9    12    11    10    6    2    5    8    inv    -    5    -7    11    0    0    10    0    8    5    clear    clear    1    4    0    7    10    raiz    -12    6    4    0    2    cuadrado    /    inv    11    12    1    5    /    12    6    -4    8    6    5    4    2    9    5    3    0    11    4    1    10    0    +
12 7 12 7 ^ raiz -6 -3 0 0 10 ^ * / 7 9 1 -5 5 -6 8 2 -4 11 4 12 5 8 5 3 3 11 2 11 -10 12 3 5 12 3 7 0 8 10 cuadrado 8 2 0 10 2 6 4 11 12 4 - 2 3 3 2 5 11 5 + 8 0 6 1 2 3 * ^ - 12 7 -10 9 9 8 6
12  9  8  6  10  1  0  12  5  7  9  12  12  9  9  11  11  9  9  3  5  8  1  9  11  raiz  /  5  2  10  ^  3  9  -11  10  -  *  8  0  5  5  1  +  *  -10  -5  0  12  1  ^  *  0  5  0  -8  0  0  -12  4  2  1  2  cuadrado  raiz  3  9  11  1  8  10  5  12  -10  raiz  raiz  +  10  10  12  7  11  raiz  -1  2  7  3  9  8  0  9  7  11  10  5  -11  3  10  clear  2
8  12  11  -  -4  2  2  -11  3  *  ^  2  3  4  1  1  raiz  7  -2  9  4  12  12  6  7  -0  6  7  inv  -2  8  10  9  4  11  1  ^  inv  1  12  5  11  -5  cubo  clear  -  11  7  10  11  1  -7  4  4  raiz  ^  cubo  12  -8  11  4  5  5  6  2  10  4  8  10  5  raiz3  2  0  10  6  *  11  12  2  /  1  7  12
5 5 11 9 9 - - ^ 11 -4 2 11 cuadrado 3 3 4 -6 8 ^ inv 11 8 10 6 6 5 8 2 5 0 11 12 - 9 5 0 -3 3 -4 7 -3 2 cuadrado 9 6 0 5 2 11 2 5 9 7 7 11 9 8 -4 12 - 1 4 -7 inv -9 7 11 2 3 1 4 5 3 1 4 4 8 5 9 raiz3 ^ 6 12 3 *
12   0   11   2   +   8   2   0   3   1   -6   12   2   inv   1   12   11   3   4   0   +   clear   -12   1   1   -4   *   8   2   10   7   2   -7   /   ^   +   0   12   0   8   9   raiz   4   9   11   7   9   *   +   ^   9   10   6   6   raiz   -   7   7   0   6   10   8   1   4   11   -12   raiz   2   4   4   3   6   raiz3   3   6   12   7   -1   10   9   4   5   -11   8   clear   10   11   7   3   12   11   8   5   -8   11   5   10   8   5   +   4   4
7    -2    11    2    cuadrado    7    4    -0    9    12    11    3    raiz    11    -4    11    4    7    raiz    inv    ^    1    12    7    6    raiz3    clear    11    7    7    4    -11    3    3    8    5    clear    9    -0    11    inv    3    11    6    8    8    1    /    -    5    1    4    5    raiz3    2    10    5    2    1    10    2    6    cuadrado    12    3    3    -11    4    -5    6    7    *    6    0    5    8    8    9    8    4    ^    /    clear    12    8    10    4    12    10    6    9    -0    11    raiz    12    7    5    -6    0    1    5    raiz    8
-8    4    5    -    7    11    -5    10    5    4    10    3    -8    4    5    ^    raiz3    -8    -9    7    4    7    3    12    3    3    9    12    1    9    5    inv    8    6    -10    6    -6    4    +    0    8    2    0    1    inv    +    *    11    -8    6    6    2    raiz    9    9    9    1    7    9    8    6    6    10    5    6    6    9    5    4    7    inv    *    7    11
8    8    3    10    -10    inv    6    4    3    1    11    5    6    6    0    11    7    10    11    cuadrado    *    inv    7    -5    9    8    10    0    6    clear    clear    0    8    10    raiz3    9    1    3    8    7    1    8    9    6    5    clear    7    -1    8    10    2    8    8    7    9    1    4    1    0    5    7    10    0    1    7    4    ^    9    8    9    -9    5    5    4    5    7    7    5    1    10    inv    cuadrado    +    3    3    1    7    1
0  7  8  2  11  +  *  6  9  10  4  5  cuadrado  2  9  0  -4  5  2  7  -10  inv  12  3  1  5  4  6  5  0  3  cuadrado  raiz  11  10  8  10  4  1  6  3  5  1  6  9  5  +  inv  1  -1  3  10  cuadrado  11  2  11  -2  7  -  cuadrado  inv  3  12  6  9  4  /  inv  0  1  0  5  -12  9  -6
1  2  -10  7  9  6  10  -2  2  1  12  7  raiz  +  4  7  7  11  0  5  3  clear  cuadrado  11  9  4  7  -4  9  6  4  1  4  1  2  8  3  10  5  3  5  0  2  11  1  raiz  inv  cubo  1  8  3  2  4  -8  5  2  12  5  9  -4  8  2  1  1  +  ^  5  9  4  7  10  12  11  -1  inv  clear  12  0  2  10  raiz3  inv  9  8  2  4  10  ^  raiz3  -4  6  2  11  5  1  9  10  3  1  4  3  -
6    10    11    9    10    -2    4    cubo    *    1    8    11    ^    -11    8    8    raiz    4    12    9    -3    11    raiz3    *    2    -5    8    4    2    -8    6    5    inv    7    7    12    3    clear    raiz    5    3    4    4    /    -4    0    -1    raiz    1    10    5    2    4    3    3    /    raiz    5    1    2    6    -    7    4    11    7    7    3    1    5    clear    cubo    2    9    -10    -3    -1    1    6    7    3    8    7    8    9    -11    8    /    -8    5    10    12    8    -    clear    raiz3    -10    10    7    2    0    *    -
10    -9    6    3    2    -2    4    5    11    6    8    -    0    -12    11    9    *    -4    5    0    1    -8    raiz3    2    1    8    cubo    12    3    10    2    raiz    raiz    5    12    7    1    7    2    1    12    6    6    4    -2    5    10    inv    raiz    6    -11    0    1    11    10    -    ^    9    3    3    4    1    -3    ^    2    -7    8    -11    cuadrado    -1    8    1    raiz    10    4    1    12    5    11    8    6    12    cubo    raiz    12    3    2    11    inv    cubo    0    9    0    6    2    raiz3    clear    9    4    9    8    raiz3    cubo    4    2    6    12    11    3    -    /    cubo    9    5    6    11    6    *    +    12    0    3    raiz
7   4   12   1   10   -   *   0   2   4   3   9   6   1   4   ^   raiz3   1   2   4   raiz   7   8   5   9   3   -3   2   4   1   *   4   12   8   2   ^   inv   2   -6   6   6   -2   6   *   inv   10   -3   1   10   2   11   ^   ^   -3   12   4   10   *   -4   6   1   0   4   4   11   11   1   4   10   5   8   6   -1   4   -0   -9   inv   +   9   5   7   7   4   8   12   8   9   7   4   11   inv   inv   -3   4   12   7   5   12   -4   6   12   2   9   8   9   8   12   8   9   *   /   -
8 5 7 11 10 6 3 6 1 8 cubo 6 2 2 -5 0 9 3 5 5 -11 -8 4 9 5 8 4 -11 11 4 4 3 raiz 9 9 9 11 4 4 clear 0 5 12 -3 10 raiz3 - 6 10 -10 5 8 -1 0 cuadrado - 6 -6 4 11 12 0 11 12 4 7 raiz3 9 10 4 7 / 3 12 8 3 0 cubo cuadrado cubo 7 -10 1 2 3 11 7 -10 cubo 6 10 3 10 cuadrado 1 4 8 7
5  9  11  3  3  raiz  2  12  8  5  11  11  10  1  12  5  -11  0  12  -8  3  -3  11  3  0  6  cubo  2  -11  4  cuadrado  3  5  7  12  -  -5  2  6  4  10  +  7  5  4  1  4  1  1  12  9  7  4  2  -8  3  12  8  /  3  4  3  2  10  12  10  8  3  5  2  9  +
7    5    5    3    *    9    9    4    -6    11    10    9    4    inv    raiz    7    10    5    -10    5    5    raiz    5    5    6    raiz3    9    6    7    8    2    4    raiz    10    7    -12    10    4    inv    8    10    5    7    12    10    12    12    6    -    -12    2    -3    3    7    inv    ^    0    1    -6    3    6    -2    12    4    2    cubo    cubo    -    -9    9    8    4    12    10    1
11   12   12   3   7   raiz3   11   11   10   8   4   0   1   5   /   raiz3   10   10   5   7   12   11   -3   cubo   1   12   3   9   1   -1   clear   raiz   6   4   5   6   9   8   7   11   cuadrado   4   8   9   10   11   9   0   12   10   4   4   raiz3   cuadrado   raiz   5   4   11   clear   0   12   9   3   5   inv   1   -11   8   6   raiz   clear   12   2   7   6   10   -   12   2   3   9   8   /   -   4   4   -12   2   cuadrado   raiz3   3   5   0   -11   -   cubo   -8   7   10   11   clear   raiz   7   9   12   5   12   0   1   raiz   -0   1   10   2   8   raiz   raiz3   6
12   9   7   -0   -2   9   4   cubo   12   9   5   raiz3   4   12   4   clear   2   8   8   12   inv   7   6   9   4   8   9   11   -5   -2   6   4   1   10   9   /   +   7   7   6   10   11   4   10   cuadrado   1   6   1   6   1   4   12   11   7   1   8   -12   5   8   1   *   *   raiz   10   2   12   7   3   raiz   clear   cubo   4   1   1   9   5   raiz3   clear   2   2   11   3   inv   cuadrado   0   4   9   5   cuadrado   6   9   11   2   8   2   9   -0   7   7   -2   raiz3   7   7   11   inv   3   5   0   -
4  4  5  12  8  -1  7  9  6  7  4  *  +  4  4  0  8  5  1  3  raiz3  cubo  ^  5  3  7  10  8  /  9  -4  12  1  *  7  3  1  8  11  cuadrado  +  7  12  -1  9  5  -4  clear  2  4  2  -11  10  -  8  3  -12  2  -3  6  -12  0  12  3  11  2  inv  inv  5  -6  3  9  9  ^  5  5  11  1  7  ^  *  11  6  11  1  cubo  11  9  5  2  3  raiz3  raiz3  11  3  9  0  /  *  12  12  12  11  4  raiz  ^  5  1
7   6   10   5   2   cubo   10   12   12   raiz   -12   5   2   5   6   cuadrado   raiz   inv   12   2   3   raiz   8   7   5   6   9   3   raiz   9   -12   11   -5   0   5   3   raiz   4   8   6   1   /   /   1   3   4   -5   0   2   8   10   8   0   3   +   4   6   12   1   raiz   inv   -9   -1   -12   1   10   1   9   4   4   10   12   raiz   raiz3   -   12   5   4   4
1   1   2   9   12   12   inv   6   5   8   11   5   cubo   clear   7   6   8   6   6   6   11   12   10   9   0   4   6   5   3   0   7   cubo   *   -8   9   -8   -6   8   0   6   *   0   3   4   9   9   6   4   11   9   7   9   1   -6   12   -3   2   4   5   -4   clear   cubo   -   10   -1   4   3   2   2   11   7   11   7   inv   +   raiz
-2   0   0   3   6   clear   raiz   cubo   8   3   2   6   cuadrado   5   -5   7   12   0   -3   9   6   11   4   -3   11   10   6   9   5   7   5   +   clear   12   5   4   3   10   inv   ^   4   5   9   2   5   -9   12   1   2   3   5   -1   2   5   clear   12   3   -1   5   7   1   5   cubo   cuadrado   -11   -6   7   5   raiz3   -   4   12   6   10   -8   7   inv   9   10   9   5   cubo   +   1   7   7   3   7   cubo   raiz3   -   12   1   7   3   4   11   10   11   ^   -9   1   3   0   12   6
7    10    4    -1    -8    3    /    -    12    -3    8    5    3    0    -12    6    cuadrado    0    3    0    12    1    6    +    /    1    9    3    12    4    3    6    -1    12    8    12    3    8    12    4    6    -9    12    3    12    6    cubo    raiz    +    11    7    1    2    12    7    1    10    5    2    2    2    -9    12    inv    4    2    6    9    1    inv    7    3    6    5    9    2    9    12    0    6    cuadrado    10    8    4    8    6    inv    ^    *
3 11 8 7 9 * ^ raiz 6 6 -9 9 3 4 4 0 raiz raiz 6 3 8 - 2 4 11 12 10 12 raiz3 1 7 6 cuadrado 8 5 6 -10 9 4 0 8 5 -11 ^ 12 5 0 2 + cuadrado 11 1 5 8 7 + raiz3 clear -3 2 2 * -4 3 4 ^ 9 -4 -9 12 -10 8 8 1 11 9 + raiz + -3 2 7 12
2 4 10 6 12 8 3 7 2 6 7 10 3 -5 8 3 2 -11 2 -6 2 4 clear raiz3 7 12 9 9 4 inv 3 11 3 3 2 0 8 4 11 7 4 7 9 7 12 8 0 4 - 3 4 9 6 3 2 raiz3 raiz3 11 10 12 1 1 ^ / 6 12 7 2 clear cuadrado 6 4 2 -9 12 11 4 -1 10 11 4 5 clear 1 10 6 5
9 4 10 3 12 6 8 9 - / - 0 2 11 11 9 12 cubo 11 2 2 4 8 0 2 / ^ 8 4 3 5 10 3 10 4 9 7 0 12 9 12 0 10 / 8 5 12 8 11 7 + 2 -11 11 7 7 0 12 8 5 2 11 -9 + cuadrado
7  11  10  inv  2  4  5  3  9  -7  6  2  -  cuadrado  2  10  12  6  6  *  1  7  2  7  -6  8  2  2  +  raiz3  7  8  7  -5  5  6  3  +  9  6  9  0  cuadrado  cubo  11  0  1  11  cubo  inv  8  3  11  4  10  5  10  4  1  1  4  7  /  2  0  12  -4  8  11  raiz3  clear  1  6  4  11  8  raiz3  ^  +  0  0  7  5  3  0
1 -1 3 -2 4 - / + 4 6 7 3 9 8 1 raiz 12 8 11 2 6 ^ 11 6 11 / 5 2 7 12 12 * cubo 10 8 12 11 6 6 11 5 -6 2 11 7 -12 -12 0 1 -11 9 11 4 4 2 4 -3 7 -9 7 10 7 11 ^ 3 1 5 2 8 raiz ^ 2 9 2 12 6 2 7 -3 -4 raiz3 - 1 0 3 9
6    -11    6    12    7    cubo    0    -4    10    raiz3    3    2    1    3    11    12    1    6    2    raiz    raiz3    5    9    11    6    3    9    7    +    +    9    2    2    -11    3    /    3    2    6    -    8    0    3    8    /    cubo    9    2    2    6    3    6    10    *    cubo    cuadrado    1    11    -9    0    0    7    1    0    7    10    12    inv    raiz    11    -7    12    -1    12    6    7    11    cuadrado    cubo    +    9    0    5    5    9    4    8    6    7    9    2    4    /    ^    1    8    4    -3    12
4   9   7   2   -6   7   -8   11   2   -4   ^   *   cubo   2   -8   9   5   -4   /   5   12   2   cuadrado   11   2   10   7   cubo   cuadrado   12   0   -11   5   6   7   3   4   11   6   1   12   5   8   7   10   2   12   *   4   2   5   clear   9   8   -6   -1   5   inv   6   4   7   12   3   10   7   8   2   10   9   +   1   8   7   5   -6   2   -0   0   10   8   12   0   11   ^   ^   12   5   -0   8   3   clear   3   3   9   0   8   10
1  5  10  -7  3  1  3  9  cubo  inv  clear  8  0  9  4  ^  raiz3  4  6  10  8  5  11  -6  8  3  5  6  *  10  1  4  11  8  1  10  11  11  10  9  5  7  -12  1  /  -  -4  -7  10  11  2  cubo  9  7  0  12  1  12  6  -3  3  clear  6  -7  3  12  1  raiz  *  7  12  3  1  2  -2  3  /  -9  12  11  0  2  9  3
2  12  9  raiz3  -10  1  2  9  11  3  9  6  9  cubo  1  12  11  12  1  7  8  4  11  10  ^  -  4  5  3  7  -  6  7  3  6  5  -  clear  raiz3  9  7  1  3  8  0  raiz  4  -0  3  8  -7  /  raiz3  2  8  9  0  11  1  3  11  5  9  3  7  4  raiz3  inv  ^  7  11  7  10  cuadrado  *  8  8  6  6  -10  5  6  6  clear  +  ^  12  7  12  11  -12  2  10  12  8  8  6  3  clear  2  2  3  clear  1  4  4  9  8
10  7  7  ^  -1  5  -8  10  12  10  8  7  4  -10  11  8  1  -1  0  -9  8  6  inv  9  0  12  10  0  11  cuadrado  6  -5  4  1  3  1  ^  3  3  4  9  0  7  6  ^  +  raiz  0  11  7  0  5  3  11  9  7  raiz3  11  7  5  4  5  9  7  2  8  10  10  clear  1
4  10  0  3  5  raiz  cubo  /  1  2  3  4  -  8  11  0  8  9  raiz  3  0  6  +  4  2  4  7  10  0  5  -2  5  7  9  9  2  2  9  5  8  -2  9  -  6  3  9  5  8  12  8  4  3  7  -  raiz  6  7  -11  2  9  raiz  inv  10  4  -10  7  7  11  +  cuadrado  5  11  10  0  raiz3  -9  8  8  2  1  ^  *  9  3  -0  9  12  4  9  10
3   8   4   -10   *   inv   1   2   11   10   +   12   4   11   2   -7   3   7   10   -4   12   11   11   7   3   7   /   cubo   raiz3   12   0   -3   9   0   cuadrado   inv   raiz3   9   5   5   8   3   1   9   3   -7   +   ^   clear   -11   9   12   3   +   10   7   6   2   7   6   6   5   8   12   8   2   3   1   raiz   12   8   12   8   7   5   5   inv   6   11   9   3   -7   6   7   9   9   10   cuadrado   4   4   10   9   clear   inv   10   4   2   10   9   +   /   clear   12   -9   -7   2   6   3   3
1  1  9  9  4  10  7  1  5  9  11  2  10  8  11  4  5  cubo  7  10  8  12  raiz  inv  0  6  6  5  cubo  cuadrado  10  0  5  3  11  clear  11  8  7  6  1  4  4  -4  clear  6  3  12  2  -5  ^  -  10  9  7  7  6  6  11  8  1  3  4  -  1  9  0  raiz  -2  11  -9  -6  4  -4  12  -8  2  -  1  12  9  10  4  *  0
8  4  3  5  3  raiz3  /  -9  11  9  *  4  4  8  0  4  ^  7  6  12  12  12  raiz3  +  5  2  8  7  8  cuadrado  cuadrado  8  3  -8  11  8  6  11  11  8  3  9  /  9  7  7  5  10  6  8  10  4  0  5  9  inv  cubo  2  -9  -2  4  12  /  5  -11  9  11  -  12  9  -12  1  3  0  4  7  4  7  *  ^  12  5  8  cuadrado  10  3  12  8  11
-6  6  6  10  9  -8  5  -12  7  -  /  9  0  11  3  2  3  5  3  5  6  0  4  cubo  1  -0  2  7  12  8  4  -8  3  11  *  /  ^  12  3  2  -4  inv  /  11  5  0  6  9  -  6  5  11  4  *  cuadrado  4  11  0  0  5  10  12  11  +  -3  -4  -2  5  cubo  1  4  2  5  8  raiz3  3  2  12  5
8  12  11  raiz3  9  12  0  10  10  11  6  12  0  8  inv  -  -6  11  10  6  4  1  +  10  3  -7  3  2  4  12  2  raiz3  *  +  8  10  0  12  0  cubo  *  clear  -0  11  3  9  10  5  ^  -2  10  0  6  clear  3  8  4  8  5  5  *  0  11  5  11  4  3  11  -9  9  ^  raiz  raiz  9  9  9  2  10  1  *  -  ^  1
6   9   11   3   cubo   cubo   6   3   6   8   4   4   0   10   12   9   6   cuadrado   4   3   10   -6   +   3   12   7   9   4   cuadrado   *   4   11   7   9   5   raiz   *   3   7   10   0   6   6   12   *   +   inv   0   1   1   10   0   5   0   5   clear   6   8   11   9   12   10   6   11   2   8   1   9   -11   11   10   6   9   0   3   1   +   6   8   0   4   1   12   inv   0   11   11   5   6   5   0   2   raiz   /   -0   0   5   1   11   3   0   8   1   1   11   cuadrado   10   5   -0   11   8   -4   raiz   clear   12   12   5
10   9   12   7   3   7   3   9   /   0   10   10   5   2   3   3   10   inv   0   7   6   10   -10   -   cubo   raiz   10   3   5   9   6   3   0   12   2   9   -5   11   12   /   inv   5   6   12   10   inv   ^   0   4   8   4   7   2   5   ^   4   11   4   6   9   8   3   9   inv   cuadrado   1   -2   4   6   8   -   /   9   9   3   11   -   *   10   -8   6   clear   2   11   1   11   3   inv   7   3   -7   -9   8   5   -1   cuadrado   inv   9   11   4   2   3   4   7   cubo   ^   +   8   9   2   11   -0   -12   4   6   4   6   raiz3   *   1   9   12   -4   0
2 -9 12 5 ^ - 1 11 9 11 8 -8 * - 11 2 -0 - 3 10 9 1 6 9 9 9 1 cuadrado ^ 1 7 8 9 cuadrado / -0 12 0 8 0 11 - ^ 4 5 3 4 8 ^ + 10 -5 4 6 10 0 0 11 8 cubo -0 10 1 -5 1 12 2 5 4 11 6 10 10 cubo * 9 5 2 9 6 -6 -2 cubo clear cubo 10 4 0 raiz -3 5 8 0 9 * 1
1    11    9    4    *    +    1    10    9    0    9    inv    cuadrado    raiz    7    8    6    7    7    clear    inv    10    8    10    -12    -3    1    0    2    2    -    raiz    -5    11    4    0    raiz3    10    2    0    3    8    *    2    4    8    1    8    10    raiz3    -4    5    8    2    10    7    8    -10    2    +    cuadrado    cuadrado    0    10    7    11    1    6    6    7    12    8    9    5    clear    raiz    -    0    0    11    6    11    -9    cubo    -11    8    3    12    10    raiz    7    11    0    -5    1    6    6    9    4    3    raiz    10    2    12    4    6    -9    3    5    7    -1    11    /    +    9    9    8    -12
6   -12   1   10   cubo   5   1   2   inv   7   -10   8   -11   ^   cuadrado   4   5   0   6   5   raiz   cubo   1   12   7   0   6   -0   0   2   -10   3   -   inv   *   -8   0   10   8   2   inv   9   6   6   -7   /   2   10   0   1   2   10   6   4   9   1   -0   2   4   +   9   8   10   inv   4   2   4   10   5   6   10   11   -9   12   10   cuadrado   5   1   4   -11   inv   12   -11   8   2   3   8   10   5   -12   -11   8   cubo   9   8   8   clear   11   -3   7   1   1   raiz   inv
11  11  5  12  0  6  10  12  9  10  -11  0  6  12  4  5  3  11  9  ^  1  10  2  1  5  raiz  1  11  10  7  9  2  5  7  1  12  -5  4  -3  cuadrado  -9  11  10  2  0  -1  cuadrado  7  11  -4  0  7  11  12  6  +  raiz
11    2    7    1    3    11    2    2    ^    7    5    9    11    8    6    9    3    1    7    -    clear    7    5    3    0    5    6    10    8    6    3    -    -    ^    1    1    10    5    7    6    5    12    inv    /    9    11    3    4    cuadrado    12    0    -9    0    8    6    6    0    8    inv    ^    *    8    11    2    7    7    8    4    7    1    6    4    12    3    9    11    8    -7    2    ^    -9    12    1    8    12    +    10    1    6    0    3    4    7    2    3    raiz    *
3 4 11 2 1 1 11 10 5 5 9 8 * 1 7 7 0 11 4 4 2 -8 12 1 3 8 -11 clear 11 12 1 8 cubo 8 -3 0 3 2 2 -8 11 11 clear 5 9 10 raiz3 7 12 3 3 3 8 6 6 0 8 raiz3 - 4 8 2 6 9 ^ inv 3 6 1 + 10 7 5 10 3 2 3 6 2 3
-4   2   4   4   5   8   7   12   1   clear   10   11   -1   9   -5   10   6   *   raiz   6   3   12   12   4   1   7   -   inv   inv   3   10   11   1   8   inv   /   11   3   8   1   3   -   cuadrado   8   4   0   8   2   4   7   12   clear   raiz3   6   7   0   12   4   8   12   1   9   7   10   1   2   raiz   -   9   4   7   0   cubo   /   9   3   3   4   *   3   2   12   6   1   6   11   0   clear   raiz3   5   5   2   2   -5   8   6   1   3   0   12   7   /   +
-10 0 11 4 1 inv 11 6 3 7 5 11 -12 8 6 cuadrado 6 7 -0 1 6 7 -11 - - cubo 10 5 12 / 12 -0 4 -9 8 7 - - 11 7 2 12 7 raiz - 12 1 0 2 8 10 7 11 4 9 11 4 7 3 - raiz 9 7 10 0 12 - raiz3 + 11 3 12 2 12 0 1 -3 cuadrado - 5 4 12 4 9 1 -2 3 - -2 6 1 12 12 11 8 11 cubo raiz3 11 0 3
2   8   1   5   5   7   3   11   -11   5   6   10   4   2   0   *   ^   4   2   5   11   6   raiz3   2   5   8   2   3   -10   6   +   cubo   8   2   -1   7   inv   8   7   7   -3   11   cuadrado   +   8   1   7   1   12   2   *   *   3   4   8   -8   -12   6   9   1   raiz3   3   10   10   12   1   cuadrado   -   11   4   8   -7   0   raiz   -0   3   1   1   6   raiz   raiz   7   4   2   8   0   -7   5   8   +   +   +   3   6   4   11   11   cuadrado   3   8   5   5   3   cubo   10   4   3
9 0 12 1 2 7 0 3 1 5 8 8 8 10 -5 3 9 5 0 cubo -0 12 4 + 4 11 10 -8 3 4 2 / ^ 2 2 10 5 12 8 - cubo 2 11 10 3 + 0 -11 3 1 6 cubo 12 11 -9 5 - - 10 2 8 11 10 3 10 cubo clear 12 8 12 2 5 -12 5 7 11 0 -2 -8 5 12 -
2  1  6  9  2  1  0  11  1  ^  3  5  3  0  2  10  0  3  +  *  0  2  10  8  3  2  9  11  6  5  6  11  9  2  3  /  *  0  3  7  10  1  2  0  12  +  ^  7  0  10  1  9  8  /  ^  3  1  2  9  9  7  12  10  5  11  clear  4  12  3  7  0  6  7  1  3  10  1  -5  10
2 0 10 1 8 -9 9 4 10 2 cubo raiz raiz 9 11 3 + 12 9 9 8 12 3 12 7 9 2 8 6 2 7 4 -8 3 cubo cuadrado 12 10 7 6 1 0 0 5 11 4 12 4 10 0 raiz / cuadrado 10 11 5 inv 12 2 7 3 6 cuadrado inv ^ 4 12 0 7 10 0 1 /
10   2   10   10   8   4   10   0   3   -12   cuadrado   -   3   9   8   4   3   *   1   -11   1   6   cubo   5   0   -2   3   9   raiz3   *   6   -2   4   -10   2   *   9   11   5   cuadrado   9   11   11   0   9   -6   9   0   2   4   -6   6   ^   +   6   9   7   8   9   10   -7   4   10   9   12   5   3   4   10   2   9   -7   9   3   0   12   5   raiz   1   4   5   4   12   ^   12   0   6   10   cubo   raiz   10   6   7   ^   8   1   7   2   3   2   9   7   ^   10   6   11   10   3   cuadrado   clear
4    1    8    3    12    7    10    10    9    -    ^    -3    3    10    0    5    1    *    3    5    4    /    8    11    11    7    11    0    1    -7    3    10    /    6    5    5    10    -5    10    2    10    0    6    6    2    cuadrado    4    9    2    2    9    10    ^    0    1    -2    9    4    5    -    1    2    8    3    8    clear    inv    inv    2    6    7    clear    -8    2
5 2 3 2 1 11 / inv 4 9 1 9 4 0 2 * cubo 5 6 -6 10 * 5 3 10 6 + 7 10 7 9 11 3 12 3 -11 9 1 5 3 5 5 1 1 4 3 12 8 1 3 0 4 0 cubo ^ 8 6 2 0 3 0 4
6   9   5   4   5   cuadrado   5   10   2   9   2   raiz   9   4   6   8   -1   3   -0   6   10   3   /   ^   +   1   2   12   10   11   -12   10   -2   10   9   9   3   12   2   5   10   raiz3   8   6   10   2   6   +   5   10   7   2   3   raiz   cuadrado   cuadrado   9   8   10   1   11   raiz3   3   -11   7   6   10   0   10   2   9   -6   3   1   2   9   5   12
-7 9 10 4 1 4 6 raiz3 cuadrado -2 8 -1 6 2 10 12 8 9 12 / 3 1 -10 5 11 raiz3 8 11 3 5 + 2 11 7 8 9 raiz3 - 9 -10 11 4 7 10 6 -11 11 6 cubo clear 5 8 11 1 12 1 11 6 inv 7 2 9 clear 7 12 11 0 1 10 4 11 10 -0 2 0 5 raiz3 raiz 11 8 1 5 cuadrado 0
11   4   0   10   4   2   7   ^   12   2   4   8   cubo   4   0   11   ^   3   7   3   9   7   raiz   0   10   0   11   12   cuadrado   clear   0   8   12   1   1   -0   8   ^   11   5   -11   0   -8   10   cuadrado   6   3   8   11   3   7   0   raiz   cubo   raiz3   7   12   4   6   0   raiz   cubo   clear   11   8   8   -5   3   10   0   8   raiz   3   6   7   /   7   12   2   3   3   cuadrado   7   -4   11   4   4   10   2   2   -2   -1   2   11   11   4   5
4  9  -8  2  -1  ^  raiz3  7  11  4  5  4  /  5  12  4  8  4  6  2  12  12  6  5  -  5  2  9  10  0  5  5  9  cubo  -  1  9  1  10  8  -12  4  -0  10  2  5  0  0  12  cuadrado  12  4  1  8  7  12  11  /  7  1  2  11  3  0  0  /  cuadrado  8  12  1  1  *  10  6  6  10  raiz3  6  7  9  4
2   9   0   raiz3   11   7   2   3   4   -   cubo   clear   11   -7   8   3   inv   -12   4   6   8   9   cubo   inv   12   11   0   3   *   12   4   8   5   10   cuadrado   ^   2   8   0   12   7   6   11   4   1   4   12   6   11   4   12   0   10   ^   3   12   12   5   0   7   -1   9   -8   10   12   5   12   -8   raiz   raiz3   cuadrado   4   11   -4   9   12   cuadrado   1
3   8   -11   1   3   +   7   3   4   1   3   12   2   raiz   inv   3   6   2   ^   10   7   1   12   2   8   raiz   9   -4   4   clear   -4   0   11   -2   3   7   0   8   raiz   8   10   6   7   11   cuadrado   inv   clear   -1   1   1   -12   6   -   8   -0   10   11   0   4   12   3   3   6   2   0   10   4   2   -11   5   -9   1   inv   *   10   10   2   -12   5   1   1   7   raiz   *   2
5    4    0    9    2    -7    5    ^    8    -6    11    0    4    4    1    7    11    8    -12    clear    -10    11    3    6    12    *    cuadrado    7    8    11    3    -3    3    3    -10    5    +    -0    4    1    11    1    inv    0    3    9    0    ^    ^    1    1    6    4    6    10    -10    5    9    4    10    +    4    -7    2    9    4    8    7    6    -11    3    0    -0    5    -    clear    raiz3    3    1    6    9    3    0    5    7    1    7    clear    +    0    -12    7    1    -9    2
10  3  6  4  5  2  0  4  1  7  5  1  5  9  5  11  raiz3  2  1  1  4  7  7  3  3  -11  5  clear  ^  clear  12  0  12  6  1  10  9  5  2  9  7  4  9  5  12  9  7  12  12  11  12  11  -0  6  11  10  1  -0  raiz  8  10  8  11
11 11 -3 1 5 * 7 2 7 cubo 0 3 7 0 8 6 -6 10 -3 -5 3 7 4 10 8 4 9 5 2 12 12 cubo 4 0 10 9 -6 3 6 cuadrado 3 9 1 10 5 -12 3 11 8 10 -0 12 clear + 11 6 -3 2 3 2 2 9 raiz3 cuadrado -4 9 6 5 0 / 11 12 5 4 11 12 6 9 9 6 1 4 9 inv cubo -10 1 -8 9 11 cubo ^ + 7 10 8 4 0 inv 5 -6 1 6 2 3 raiz
7   7   0   0   3   -3   raiz3   cuadrado   7   11   12   3   6   cuadrado   2   9   9   -9   5   10   5   3   inv   8   6   0   11   raiz3   raiz   11   1   10   +   7   0   6   5   0   clear   0   -6   9   5   8   +   0   9   9   -9   9   12   0   11   5   9   0   4   1   8   9   -9   1   -8   5   0   raiz3   3   8   6   8   8   0   4   8   11   raiz3   raiz   6   7   5   -0   1   9   10   8   11   5   3   6   11   4   12   5   4   3   11   12   8   0   6   cubo   4   12   3   3   8   1   9   11   5   6   0   11   *   inv   ^
5    7    5    11    9    8    11    cubo    clear    ^    1    11    6    5    /    2    11    10    6    raiz3    cubo    6    -0    3    4    1    /    *    clear    -1    3    6    5    cubo    10    5    5    1    7    1    5    raiz3    0    5    2    8    raiz    /    -6    8    -0    8    10    6    0    6    2    12    6    +    ^    /    8    4    11    10    -12    10    8    9    12    3    7    9    *    4    7    5    12    10    7    11    12    cuadrado    raiz3    0    8    5    11    0    3    cubo    7    9    9    12    7    1    ^    cuadrado    ^    6    12    10    6    raiz    7    0    9    12    10    cuadrado    /    5    9    4    1    4    3    clear    ^
1 11 6 12 -5 0 -7 -7 -12 9 5 / 0 11 11 3 5 10 cuadrado 1 2 -8 -4 5 11 4 12 11 12 4 * + cubo 4 -6 9 clear 5 12 5 10 11 1 10 -1 1 7 4 1 8 inv 5 11 6 5 11 7 3 11 4 12 7 7 raiz3 12 -7 11 0 10 clear / 5 6 2 12 -12 raiz3 3 12 4 4 3 10 3 7 9
1    -11    8    8    4    8    raiz3    inv    12    -4    0    10    7    0    4    3    5    11    5    2    cuadrado    -1    4    0    1    1    5    +    -7    11    3    -12    1    3    7    12    11    8    8    raiz3    cubo    -0    9    8    1    11    raiz3    raiz    5    -11    10    12    6    *    9    1    0    1    0    -1    9    -5    11    4    -7    12    4    6    7    6    11    10
2 11 6 5 -11 0 -2 0 11 10 inv clear ^ 5 2 11 12 4 5 4 9 0 * 6 0 12 9 7 3 8 5 10 5 0 0 9 9 2 11 raiz ^ 11 12 4 3 raiz 7 9 6 clear 7 9 4 9 7 -7 raiz 7 6 6 12 0 3 0 9 ^ 4 4
0   7   7   12   7   -   cubo   cuadrado   5   10   2   7   -0   2   11   -6   5   2   -   11   1   1   2   clear   12   6   3   9   raiz   5   12   6   9   7   -4   8   11   7   cubo   *   7   5   12   4   3   -   7   6   5   -7   6   cuadrado   clear   3   4   -0   8   1   inv   1   4   3   5   7   0   +   12   5   4   2   11   10   11   0   11   12   6   1   7   11   9   -   7   9   4   7   6   3   8   cuadrado   -4   3   -11   8   3   raiz3
6    -2    10    6    -11    0    5    5    8    1    5    clear    3    4    8    11    10    10    12    cuadrado    inv    /    5    7    7    9    11    3    -11    5    5    0    ^    6    3    -9    1    11    8    2    11    12    11    raiz    -    1    4    -2    -9    -9    *    12    9    1    7    11    raiz    6    4    4    -4    7    12    9    11    7    5    0    -4    9    -6    inv    cuadrado    clear
10 2 3 4 4 cubo clear 2 1 1 3 7 0 10 2 + 7 -12 0 11 cuadrado 7 12 12 raiz 10 2 11 8 7 / 12 5 1 1 2 12 0 cuadrado -9 11 12 8 7 4 9 10 1 11 inv raiz3 raiz 11 6 8 2 10 -1 8 0 2 11 2 9 -7 7 * 3 0 8 3 / clear 3 9 1 7 + 2 1 7 12 0 -10 9 clear ^ cubo 3 2 1 4 ^ 11 3 8 3 4 - 12 9 3 4 inv
12   6   -3   2   10   3   2   9   10   7   5   7   7   -2   3   -7   5   11   0   raiz3   raiz3   -11   3   3   11   10   4   1   *   cubo   8   12   10   -7   +   +   10   8   6   12   11   3   8   12   9   2   cubo   raiz   raiz   9   7   5   4   -10   3   raiz   9   0   12   9   cuadrado   cubo   11   12   4   11   10   -11   /   +   cubo   -9   -0   -8   -8   -9   ^   *   clear   1   2   10   6   12   10   2   1   9   -12   1   5   5   8   4   6   4   5   0   cuadrado   11
7 0 8 6 10 6 9 9 4 12 -10 9 9 ^ cubo - 11 1 7 9 8 11 12 1 12 1 * inv 3 11 2 -7 11 9 5 ^ 12 10 5 7 5 10 10 clear raiz3 raiz3 10 9 0 7 1 clear 4 5 8 6 -10 8 6 7 9 10 -4 4 8 11 5 12 8 8 -6 clear inv - 0 12 1 11 1 -9 raiz3 3 12 11 3 12 11 10 6 clear raiz * 9 10 5 2 9 10 -10 / clear
3   9   1   11   1   raiz3   4   1   -1   1   7   0   cuadrado   5   0   7   4   cubo   *   12   0   4   2   12   raiz3   -   11   11   1   6   ^   -   -6   -2   -0   -   10   11   1   -9   4   0   3   8   7   4   -10   4   9   5   -5   cuadrado   10   2   9   12   8   6   inv   9   3   12   0   -1   clear   clear   -   7   1   4   7   2   cubo   raiz   cuadrado   4   12   1   +   2   8   0   9   11   5   11   raiz   /   0   3   7   11   cubo   inv   8   2
12 0 2 -1 raiz3 cuadrado 5 11 5 10 inv 12 2 11 11 10 raiz raiz3 8 -10 6 6 8 3 9 9 3 cuadrado 5 7 3 5 3 3 3 9 -12 0 * 5 9 10 11 0 8 5 10 0 - cubo 11 12 -12 4 3 1 2 3 9 4 9 12 6 3 12 3 10 -6 -3 0 3 6 3 -12 10 clear clear
-9   -11   7   11   +   ^   6   4   9   1   7   cuadrado   12   -3   7   12   12   12   -6   10   9   ^   inv   3   0   2   9   clear   2   1   1   0   7   5   11   -4   inv   7   4   0   4   3   5   /   7   9   9   3   2   9   6   5   -9   7   *   6   -1   5   -0   +   clear   5   11   5   8   9   2   cubo   4   -11   -11   inv   9   3   -4   5   +   raiz3   2   4   10   0   6   3   raiz   -8   12   0   -11   10   cubo   +   +
10    6    11    2    6    -9    -9    3    raiz    -    9    0    0    0    5    raiz    raiz    cuadrado    0    4    11    6    12    4    5    0    12    11    11    10    clear    6    9    12    3    9    raiz3    11    3    0    4    3    +    4    12    0    10    11    ^    cubo    cuadrado    3    8    8    0    9    clear    12    3    -8    11    raiz3    11    9    -10    11    +    3    4    4    6    0    7    12    6    1    11    0    11    6    10    6    *    6    1    0    1    raiz    inv    8    1    10    11    6    1    2    11    6    +    3    12    10    9
7 11 9 9 * -6 11 0 6 5 ^ raiz inv 11 4 5 7 4 cuadrado 6 10 8 11 3 11 2 12 -3 11 3 6 3 clear 9 0 -12 -10 5 -9 4 12 4 1 10 -7 -7 1 2 11 4 4 2 10 - 4 7 2 cuadrado 3 4 8 10 1 4 8 10 8 inv clear 12 0 1 8 -1 8 3 /
1 7 0 3 -1 -10 12 12 4 1 6 11 7 3 inv -10 10 0 * 8 11 6 3 7 0 5 6 clear inv 2 5 -1 11 -12 12 clear 11 7 0 0 2 0 10 12 -0 8 5 11 raiz3 1 10 -5 0 6 8 6 10 6 5 8 inv 4 9 5 0 2 6 + inv cubo 5 11 9 0 0
11    4    10    /    9    3    3    11    10    4    *    ^    -5    10    4    12    -10    4    0    6    -0    12    6    3    7    +    7    7    0    6    -2    -4    8    0    -    6    0    6    5    9    8    7    0    +    7    10    6    -4    +    raiz3    1    0    -4    5    5    raiz3    +    7    -8    8    11    *    5    9    9    2    -2    12    5    7    *    cubo    cubo    1    1    7    11    7    +    clear    0    8    10    cuadrado    9    9    2    11    cuadrado    10    12    1    inv
5   12   -11   /   5   11   6   5   8   clear   1   12   6   8   11   3   4   /   +   clear   9   2   7   2   10   12   -11   11   4   7   raiz3   12   5   5   5   9   10   -2   *   0   2   -10   1   7   4   6   12   raiz   raiz3   2   4   2   inv   -3   1   0   2   8   8   -   6   10   4   10   10   +   raiz   cuadrado   7   -1   8   11   12   10   8   8   9
7 5 2 9 5 6 0 9 raiz3 3 7 4 clear 2 10 0 8 7 10 7 1 1 clear cuadrado 8 7 1 clear 8 12 3 10 0 4 5 5 3 3 8 12 - cubo ^ 6 4 4 4 4 -8 8 3 9 -7 raiz 5 -1 8 8 12 12 10 10 9 6 cuadrado 3 1 7 4 -9 -2 11 clear cubo 10 5
7 8 10 11 0 8 7 0 cuadrado 1 4 9 9 -10 2 9 8 + ^ -11 1 -4 12 -3 11 -7 2 * -9 1 4 8 9 2 10 1 8 3 10 3 ^ -10 -8 -4 4 3 raiz 9 3 10 6 7 2 10 12 12 raiz 8 1 -8 7 -4 clear 12 1 3 6 7 1 11 cubo 8 6 11 -7 8 cubo 8 7 11 inv 4 4 7 3 9 3 1 5 3 raiz3
3 4 6 5 6 10 clear cuadrado 8 10 12 * 6 7 10 5 -5 / * 8 -1 7 7 12 -6 2 6 3 0 5 4 4 9 4 8 6 0 12 1 9 -12 / cubo 12 11 11 11 3 1 5 8 10 7 9 5 7 12 2 12 ^ raiz3 -1 -2 0 - 3 4 3 4 4 raiz3 ^ 9 9 5 ^
8  6  -1  5  /  4  6  12  6  4  9  5  8  7  -0  5  4  /  raiz3  0  9  5  5  +  /  9  12  2  8  11  7  6  cuadrado  2  1  11  12  6  9  1  11  inv  clear  1  4  8  9  12  10  6  inv  -  0  11  2  5  6  inv  inv  4  6  11  clear  7  -0  5  12  -4  1  8  -4  6  4  11  cuadrado  7  12  10  1  9  10  cuadrado  *  3  5  8  6  3  3  9  /  *  9  2  6  0  11  5  3  6  6  /  cubo  *  11  2  3  9  -0
2 7 3 4 10 clear - / 2 8 4 1 inv cubo 1 0 1 - 11 -1 9 6 9 0 10 -5 -11 9 1 + - 12 0 -11 4 cuadrado -4 12 7 7 7 8 0 7 1 3 6 5 10 raiz inv 8 4 1 -6 -8 11 -10 7 * 1 2 8 8 3 8 8 + ^ clear 1 11 5 6 4 11 ^ 8 3 1 10 1 6 4 1 1 9 raiz 3 7 9 cubo 2 3 12 8 3 inv 9 6 11 4 cuadrado 8 10
5    6    1    inv    6    2    12    5    12    -11    3    -6    6    6    cuadrado    3    5    3    2    10    4    clear    1    3    9    -1    3    2    10    8    -3    -10    inv    ^    6    4    -1    0    0    11    +    11    1    5    -    7    11    5    8    +    1    12    5    11    12    -1    6    10    1    10    7    6    3    7    11    3    9    9    3    2    9    7    cubo    11    3    8    12    7    ^    7    2    10    1    10
8   11   -10   1   0   -9   cubo   10   7   11   12   1   5   raiz3   7   9   7   +   7   5   11   3   cubo   raiz3   -0   6   4   0   12   +   clear   1   0   4   0   12   -   2   2   1   3   cuadrado   6   11   2   12   7   raiz   /   1   -7   9   2   8   cuadrado   cubo   inv   11   0   3   2   3   10   3   9   4   -3   3   0   8   raiz   8   5   6   -1   9   10   +   *   -5   7   1   -7   8   2   3   4   2   0   1   12   9   11   6   2   cuadrado   9   6   10   -11   cuadrado   -11   6   4   9   2   1   7   raiz3   cubo   1   11   -5   -1   11   cuadrado   4   4   2   6   9   2   inv   9   6   6   12   6   -   clear   *   4   11
6   3   6   0   -9   10   11   10   10   12   *   clear   6   -10   9   raiz   -12   5   11   6   raiz   -   4   10   3   6   inv   *   6   12   -7   3   cubo   raiz   6   9   10   9   11   0   2   11   1   3   3   -10   0   0   8   8   clear   7   11   1   -10   4   /   7   1   10   3   1   cuadrado   cuadrado   11   10   3   -3   raiz3   /   11   10   7   11
5    5    5    +    10    9    11    4    9    10    -    cuadrado    cubo    9    10    9    8    -3    cuadrado    5    11    9    9    12    -2    7    10    1    9    4    2    8    8    5    5    6    9    4    5    3    4    +    inv    /    3    0    1    -8    9    cuadrado    7    9    3    2    10    1    /    8    5    1    0    -11    3
-7  7  12  7  8  -8  9  3  0  -7  2  7  4  8  6  12  10  2  3  11  1  2  9  3  0  7  0  10  4  7  9  8  2  4  cubo  raiz  4  11  5  1  raiz  8  6  10  10  +  3  9  -9  7  raiz  5  -8  10  0  5  7  0  7  ^  cubo  5  2  2  0  12  -6  5  8  inv  9
4    9    4    1    cuadrado    2    12    0    5    12    3    10    5    9    11    -1    4    0    2    2    4    11    -    12    11    8    ^    0    11    3    9    9    /    3    12    9    12    3    2    11    -0    7    2    8    11    /    -    +    5    -7    2    0    11    10    11    9    inv    inv    2    9    0    10    12    6    11    7    8    /    ^    raiz3
9    12    4    2    7    5    8    1    raiz3    ^    2    9    9    5    2    6    raiz    raiz    3    10    9    0    7    1    4    4    3    -11    7    4    5    8    1    3    /    -11    8    9    2    0    2    12    2    4    11    10    8    -9    9    -2    7    8    raiz    inv    5    6    -7    +    0    9    6    cuadrado    11    2    8    0    12    3    -10    2    1    inv    clear    raiz3    11    9    12    8    6    6    9    1    inv    *    2    3    -11    11    3    7    7    4    6    11    12    11    clear    -12    -8
2  8  4  8  11  7  /  ^  -5  9  12  12  5  6  -10  3  12  4  7  5  10  6  1  5  5  *  cubo  2  4  7  9  -5  raiz3  -0  9  11  6  cubo  5  10  1  5  raiz3  ^  3  -6  9  12  2  -3  6  5  3  -11  -0  10  1  -  0  0  4  9  -  1  0  7  0  cubo  9  6  1  7  2  raiz3  7  8  -0  5  0  2  1  8  6  6  1  11  1  11  3  8  9  11  8  7  5  raiz  raiz
7    11    8    6    -12    5    raiz3    1    6    12    7    +    /    1    9    7    3    1    /    ^    3    10    -12    inv    11    4    6    11    +    12    5    12    2    2    clear    cubo    0    -9    6    12    -3    cubo    *    clear    11    8    0    *    8    5    6    9    5    1    1    3    9    0    inv    6    -12    2    10    0    -    -    +    10    11    12    10    5    1    3    6    raiz3    -    inv    12    1    4    +    -0    10    0    1    10    2    -3    -
1    9    9    2    5    6    6    clear    *    9    7    9    7    -    -9    1    -11    0    -12    4    0    6    raiz3    +    11    11    -11    9    7    -12    -10    +    11    5    2    2    6    11    9    6    11    -9    -4    11    5    4    inv    0    10    7    9    ^    5    5    0    8    8    raiz    +    cubo    2    6    9    12    5    cubo    10    3    4    9    4    -4    11    3    2    3    11    12    0    7    -1    0    5    4    0    1    10    +    cuadrado    3    8    -9    11    -10    7    6    +    10    10    7    -1    0    7    12    4    11    +    raiz3
5    1    0    12    9    0    10    9    clear    *    raiz3    9    0    2    4    1    clear    *    9    5    1    3    -9    ^    1    4    6    0    5    ^    clear    9    10    7    1    3    10    12    -    /    4    3    4    12    3    12    8    2    -    inv    12    5    9    10    7    10    8    0    11    8    9    10    6    9    5    -11    9    6    5    10    inv    3    3    9    12    10    2    8    9    0    3    raiz3    raiz    raiz    8    12    0    8    3    0    raiz
11    7    3    0    12    0    -3    9    9    5    raiz    10    11    6    11    ^    *    -0    7    6    6    1    3    *    9    7    -9    -12    12    0    10    -7    6    3    -7    5    7    ^    -11    3    6    5    -    8    4    2    5    9    8    6    0    1    -1    raiz3    8    4    6    4    7    ^    raiz    *    3    6    3    12    11    6    11    5    -7    8    7    6    cuadrado    *    10    7    7    3    inv    ^    3    4    -10    1    7    0    9    9    3    1    3    6    clear    12    12    12    1    9    5    1    4    12    5    2    -6    8    4    4    1    8    12
8   5   6   7   2   ^   8   3   5   1   0   /   inv   raiz   6   0   10   0   7   2   -2   4   -   10   8   10   0   -8   cuadrado   10   1   -0   1   cubo   *   -1   6   7   5   +   11   5   11   6   2   2   8   3   8   3   7   9   clear   7   5   8   cubo   3   8   -10   8   3   9   3   6   9   11   2   9   -   6   7   1   5   8   ^   inv   /   10   7   11   9   5   12   10   -0   6   clear   2   10   3
-2    7    3    12    1    *    cuadrado    3    -11    8    10    /    3    3    9    4    -    -5    4    6    -0    9    /    clear    4    12    -4    11    11    *    7    -11    5    4    5    *    inv    /    5    9    12    3    5    12    -0    7    5    3    12    12    7    6    12    2    8    raiz    *    9    5    2    8    11    +    *    -8    0    12    3    10    5    cuadrado    *    11    3    5    0    5    8    -    2    1    11    3    11    7    -    cuadrado    12    1    -6    6    0    -    *    12    4    11    cuadrado    4    6    11    11    1    1    2    1    9    -6    2    5    0    8    11
11 0 1 9 8 12 / 11 -3 -11 clear 12 7 2 2 3 4 9 10 3 4 -5 7 1 + 1 0 0 raiz3 2 6 10 0 10 cubo 6 11 2 11 10 7 7 3 raiz3 5 10 10 12 3 8 -1 raiz - 12 8 11 8 3 11 8 7 cubo cubo - 9 1 8 6 cuadrado 1 12 10 8 12 7 10 cuadrado 9 -8 8 2 12 12 7 6 5
-10  9  6  11  6  6  4  1  5  4  11  1  1  -6  2  11  6  11  inv  cuadrado  0  7  9  6  11  cubo  inv  10  9  2  -9  12  clear  11  12  10  12  3  11  7  4  8  cubo  10  7  -2  7  2  -8  inv  -3  3  10  10  8  clear  clear  11  6  0  8  7  7  3  4  1  5  3  9  6  4  4  cubo  -4  8  8  4  cubo  ^  6  7  7  4  6  -4  cuadrado  raiz3  10  10  0  10  9  -10  2  1  2  -  /
12   -4   6   8   ^   /   6   5   0   6   /   cuadrado   8   6   12   -10   9   cubo   /   3   9   11   7   5   cubo   11   1   8   11   *   raiz   -9   11   9   clear   12   11   5   11   4   clear   -11   2   9   11   2   raiz3   /   raiz3   0   11   1   -8   3   3   3   1   8   1   2   8   11   10   11   0   11   10   5   6   1   0   9   2   raiz3   12   12   -3   7   7   raiz   0   10   -5   3   1   -1   inv   -   5   11   11   4   5   1   9   8   12   4   9   1   5   cuadrado   7   10   5   10   raiz   +   10   6   11   cubo   3   10   0
7  10  3  8  8  2  10  10  4  4  -1  9  cubo  11  4  9  6  11  *  9  -6  6  5  -4  6  7  6  raiz3  raiz3  9  5  4  5  ^  -5  9  -3  *  10  8  2  3  +  4  8  7  3  5  8  raiz3  /  cuadrado  0  10  6  6  11  raiz3  +  cuadrado  6  5  11  0  5  *  raiz3  10  0  12  6  -11  2  6  5  -5  6  10  8  10  -8  0  8  3  9  6  1  3  10  8  cuadrado  *  9  11  1  0  10  6  /  8  12  -3  2  cubo  2  4  2  10  3
0 6 2 7 -7 11 + 4 -10 7 - 0 6 3 0 3 3 12 9 9 7 10 8 3 9 12 6 2 11 10 0 6 3 1 5 4 11 3 1 2 6 12 11 3 2 2 -6 / cubo 0 0 2 9 -6 / - cubo 12 11 5 4 0 -12 10 9 9 + / cubo 12 12 11 1 7 5 - 6 8
5  3  3  -3  0  7  3  5  7  6  10  8  11  5  2  inv  inv  raiz3  6  12  -5  12  6  -1  -  6  4  3  7  9  0  +  cubo  5  10  6  6  8  12  -9  1  -0  2  5  6  11  cuadrado  cubo  6  3  1  7  raiz3  4  12  5  6  9  5  3  4  7  -0  2  4  11  9  3  cubo  cuadrado  raiz3  7  3  10  12  /  cubo  7  0  0  0  -  -  0  0  12  clear  -5  7  4  8  -1  2  12  3  3  5  8  7  -11
-0 -6 1 7 11 11 6 ^ 9 0 4 0 6 / cubo 9 0 6 10 3 cubo ^ ^ 7 2 -9 12 -6 -12 cubo * inv 12 9 8 6 -6 -2 1 -7 -7 7 raiz / ^ 0 2 -2 7 5 8 5 10 2 6 12 6 8 2 3 8 4 / -1 6 3 2 * 10 10 4 11 10 + / 12 1 5 8 cuadrado 2 5 7 4 0 5 cubo
2 6 3 7 8 -2 -5 12 4 1 ^ cubo clear 3 0 0 12 6 7 raiz3 raiz 7 11 5 6 -6 raiz + -4 9 6 0 10 10 9 inv -7 1 12 12 1 9 cubo -11 6 11 11 -10 -3 1 6 2 2 3 4 9 raiz clear 1 6 3 11 5 9 0 0 1 + 7 -0 12 2 3 *
9 10 6 10 12 3 clear 1 11 0 7 -0 12 9 inv 1 9 6 9 2 4 raiz3 8 1 -4 4 12 5 4 8 clear 0 -8 0 8 6 3 * - 8 7 7 -3 12 7 6 raiz3 11 0 7 * 0 0 4 3 3 1 8 2 11 -5 12 clear raiz3 10 5 11 6 11
2  12  6  9  4  *  clear  inv  4  4  4  cubo  7  4  8  1  11  2  5  8  inv  raiz3  6  1  2  0  raiz3  -  12  9  1  clear  1  9  0  -  12  11  8  5  9  ^  cubo  2  -5  8  clear  -7  4  0  0  7  2  11  3  11  0  8  10  inv  -4  3  6  cubo  12  2  2  3  9  1  11  2  9  12  8  10  2  1  12  cuadrado  7  7  8  inv  8  9  -0  5  raiz3  11  -9  2  1  11  6  -  2  4
